Entropy test:
4.877814144472927
4.694739688505576
4.730126965695972
4.949550707117731
5.051583332334029
5.053855115259936
4.939872184503162
4.917386251384451
4.9000403135676045
4.935572749729477
5.102923033581633
5.284660736603991
5.420286735112406
5.191834411254719
5.2126349700503845
5.068033732294432
5.144364837971086
5.190546263992203
5.052177673197911
5.059881808393402
5.151132896903932
5.069635231125843
4.954582320579481
5.011630865447892
5.151959244802424
5.124751482166358
5.302131700403948
7.407591581307543
5.354741797046449
5.1601828161679135
5.394192295970596
6.864377611893352
7.41447302329285
7.346886846271958
7.363100390657513
7.256696692113385
6.7277768887919045
5.920943235205316
5.047632055723363
5.65855884255643
5.422862307362918
5.354225416911312
5.368022309529911
5.315512070979449
5.259959205395915
5.357101468463284
5.404517212415405
5.350377712755849
5.372101485460201
5.399128959074252
5.362702025118806
5.369037799657915
5.338023203394085
5.153060314422582
5.071698455735821
4.930887786539464
4.819793326581833
5.6850794854148665
5.742967074937389
5.742726996627193
5.468763616157785
5.68683233288901
5.478238861642311
5.443934312504945
5.4070488511975965
5.390039288019806
5.36735433120136
5.365068633165105
5.39757669075929
5.474981343947796
5.295008939564747
5.220815017302837
5.2355988753408695
5.321296025209976
5.2835404001058555
5.6634569311161345
4.902037429771295
5.687151757920869
5.576349486936687
6.23920018253286
5.744972838137526
5.457520150503936
5.462092028975611
5.262184656451264
5.1181323122241755
5.144335570641104
5.239754361220399
5.231598550779529
5.064658303908846
5.002154533420228
5.170506430518276
8.099051993682382
4.8763058766223795
4.964037279330229
5.129900895791791
5.092602692950751
5.113553499932838
5.265030139857122
9.712763501964593
8.535549430171184
5.083165370623654
4.148813616074061
3.637303765089015
4.090543281643915
3.704183998395125
5.646364890071527
4.138052313512749
4.676427472727603
5.041017241639721
4.589317871806538
4.631918024008135
5.198138406613319
5.851581238644022
5.555125000746931
5.253154829114646
5.497517314956934
5.684937405994532
5.309380955963615
5.419134583932865
5.3263608697426745
6.137317371454079
6.077617417225733
5.217495685557107
5.085871303012013
5.17027169071268
5.183967618749219
5.211339675119289
5.177505919931847
5.254570401979089
5.202780531870273
5.0906788560789
4.998697643292094
5.009448844837566
5.001637324640619
5.144451540607852
5.106053468205127
5.156518012196594
5.049839505343195
5.020746051819323
4.964041412847654
4.949423325071432
4.925282413604107
4.868475211949753
4.887019104458286
4.746092132142429
4.881257796649621
4.493568191415302
4.057687689546662
3.767456869101858
3.5713352751584266
3.5776066471614585
3.580173261323599
3.6020817903930937
3.5771122572170584
3.621355699813876
3.620823646750694
3.6279364073869087
3.8193278522804794
3.988363876871207
3.6725757504797403
3.874858057979012
4.032657568575255
4.531636288304466
4.825102894241361
4.579572902936387
6.097840679647589
5.9560802121351974
5.498527862455307
5.011303318363029
4.394841485077463
5.417045918311091
6.497744947191616
5.504157522735262
5.235458466628261
5.026290891803801
5.1527160231295595
5.589584653756969
5.18428385721493
5.139570049428507
5.141306874060713
5.217523604890436
5.186412878602311
5.289735328248008
5.209900287242739
5.189770091186431
5.2301540263410615
5.515163976718638
5.433448030818853
5.275047954295402
5.271804581217104
5.1937990283522195
5.209496519866312
5.176710292135991
5.209586180348783
5.149465647806157
5.098411995491533
4.977745554754609
4.891456970000242
4.958080873479383
5.087776719661447
4.911256753970351
5.0964137369244735
4.862129192491117
5.019553982567942
5.101284644336706
4.878634141009377
4.898882251603383
4.829469345689258
4.978128279706023
4.857327252776048
 MSE test:
198.0
150.0
159.0
223.0
255.0
252.0
216.0
208.0
204.0
218.0
273.0
362.0
463.0
327.0
341.0
280.0
314.0
337.0
270.0
270.0
309.0
264.0
230.0
246.0
300.0
291.0
390.0
9565.0
441.0
307.0
439.0
4290.0
9073.0
7941.0
8062.0
7182.0
3365.0
975.0
253.0
682.0
440.0
394.0
398.0
367.0
340.0
419.0
442.0
395.0
418.0
437.0
422.0
413.0
383.0
292.0
259.0
212.0
201.0
654.0
714.0
757.0
509.0
736.0
535.0
479.0
431.0
405.0
391.0
393.0
424.0
481.0
363.0
317.0
325.0
371.0
363.0
756.0
204.0
666.0
554.0
1505.0
715.0
469.0
470.0
349.0
284.0
290.0
328.0
322.0
254.0
234.0
306.0
24222.0
195.0
220.0
278.0
265.0
273.0
340.0
168990.0
34953.0
266.0
70.0
33.0
63.0
36.0
587.0
68.0
149.0
246.0
130.0
138.0
313.0
853.0
565.0
340.0
484.0
632.0
363.0
424.0
371.0
1238.0
1131.0
318.0
264.0
297.0
303.0
315.0
302.0
335.0
311.0
265.0
233.0
237.0
234.0
287.0
273.0
292.0
250.0
241.0
225.0
217.0
212.0
193.0
199.0
163.0
202.0
117.0
61.0
40.0
30.0
30.0
30.0
31.0
30.0
32.0
32.0
32.0
43.0
55.0
35.0
46.0
58.0
121.0
184.0
128.0
1135.0
970.0
490.0
251.0
101.0
425.0
2179.0
497.0
348.0
255.0
296.0
566.0
307.0
287.0
289.0
322.0
309.0
359.0
320.0
312.0
330.0
496.0
442.0
354.0
351.0
315.0
319.0
309.0
326.0
297.0
277.0
228.0
202.0
220.0
266.0
206.0
268.0
193.0
242.0
273.0
199.0
202.0
182.0
225.0
189.0


RESULTS:

5.192119242698414
1642.7571428571428